99      0.839
0      1.229
312      1.485
50      1.685
232      1.925
57      2.125
195      2.326
0      2.773
372      3.013
90      3.293
359      3.501
64      3.717
362      3.941
132      4.144
442      4.605
98      4.869
365      5.076
78      5.741
342      5.942
0      6.413
345      6.653
265      6.862
497      7.063
144      7.373
425      7.576
80      7.789
306      7.99
234      8.413
478      8.616
186      8.877
453      9.117
106      9.373
297      9.574
202      9.774
372      10.173
32      10.373
377      10.693
53      10.901
371      11.165
63      11.381
400      11.997
70      12.198
352      12.406
47      13.205
305      13.413
86      13.87
431      14.077
131      14.397
438      14.608
91      14.845
459      15.077
76      15.741
436      16.013
216      16.317
470      16.541
164      16.805
452      17.029
221      17.645
442      17.885
249      18.181
500      18.469
361      18.669
500      18.878
437      19.501
335      19.704
410      19.91
182      20.557
403      20.758
37      21.333
175      21.637
156      21.854
59      22.061
261      22.262
0      22.525
62      22.741
86      23.109
290      23.349
166      23.613
299      23.837
213      24.101
316      24.301
188      24.981
445      25.221
425      25.438
391      25.646
500      25.877
411      26.133
473      26.34
362      26.877
500      27.078
404      27.973
77      28.261
436      28.741
163      29.245
225      29.701
384      30.301
457      30.661
499      30.869
475      31.166
406      31.621
269      32.125
74      32.517
0      33.005
57      33.501
159      33.99
217      34.437
267      34.838
327      35.325
397      35.838
476      36.277
500      36.741
427      37.205
346      37.734
214      38.141
144      38.59
55      38.902
42      39.102
0      39.47
83      39.957
173      40.342
265      40.837
353      41.301
425      41.781
488      42.23
500      42.606
376      43.086
307      43.59
396      44.142
323      44.757
414      45.126
277      45.494
399      45.877
297      46.35
393      46.822
242      47.277
399      47.757
267      48.254
356      48.702
147      49.022
278      49.222
379      49.606
213      50.07
327      50.486
107      50.877
303      51.445
77      51.909
383      52.429
138      52.91
364      53.366
84      53.814
427      54.254
176      54.782
391      55.198
52      55.646
383      56.126
106      56.622
429      57.038
122      57.486
407      57.862
122      58.462
427      58.918
72      59.342
422      59.75
172      60.238
451      60.702
156      61.166
435      61.622
132      62.142
420      62.558
75      62.998
418      63.462
63      63.942
448      64.382
85      64.854
257      65.286
1      65.734
388      66.206
128      66.734
398      67.182
80      67.606
413      68.046
95      68.526
431      68.966
121      69.51
434      69.942
145      70.43
402      70.926
155      71.382
437      71.838
103      72.278
393      72.71
138      73.262
305      73.758
355      74.166
296      74.374
374      74.912
193      75.174
356      75.47
191      75.782
355      76.03
180      76.262
420      76.726
138      77.015
351      77.302
107      77.55
395      77.806
80      78.07
416      78.526
133      78.742
419      78.958
155      79.622
440      79.83
77      80.03
105      80.502
237      80.718
95      81.07
265      81.326
69      81.598
117      81.798
62      82.23
423      82.526
238      82.814
457      83.086
330      83.406
434      83.61
393      84.022
139      84.366
356      84.622
203      84.854
315      85.11
188      85.326
338      85.998
50      86.206
355      86.43
59      87.126
465      87.334
66      87.958
165      88.463
337      88.854
460      89.398
275      89.87
171      90.366
101      90.782
265      91.246
418      91.67
176      92.158
79      92.59
9      92.982
134      93.518
359      94.022
480      94.502
500      94.918
377      95.43
240      95.942
168      96.366
38      96.822
3      97.214
97      97.702
190      98.214
328      98.67
456      99.142
500      99.558
314      100.014
135      100.518
21      100.95
0      101.382
135      101.878
243      102.358
344      102.918
148      103.526
286      104.07
375      104.63
455      105.022
493      105.502
362      105.95
201      106.486
57      106.878
18      107.206
114      107.686
345      108.198
229      108.398
213      108.798
162      109.23
68      109.67
0      110.062
44      110.47
181      110.976
353      111.462
471      111.902
493      112.206
326      112.631
232      112.99
135      113.47
57      113.918
23      114.374
69      114.814
234      115.27
343      115.686
466      116.118
500      116.494
325      116.862
228      117.238
108      117.582
298      118.046
79      118.51
345      118.966
131      119.358
325      119.878
103      120.382
350      120.758
6      121.326
96      121.726
69      122.158
166      122.566
121      123.086
194      123.558
107      124.046
192      124.406
134      124.926
230      125.39
146      125.886
213      126.334
154      126.83
224      127.262
172      127.734
271      128.158
212      128.614
306      129.086
241      129.55
306      130.022
256      130.502
320      130.934
230      131.438
309      131.862
242      132.446
424      133.422
20      134.462
396      134.734
434      135.342
134      135.566
70      136.254
500      137.134
0      137.75
0      138.071
500      139.03
14      139.47
139      140.038
311      140.614
464      141.454
299      141.806
76      142.182
13      142.542
121      142.95
271      143.398
388      143.83
438      144.318
316      144.702
126      145.118
276      145.39
78      146.086
500      146.303
108      146.505
61      147.126
183      147.63
297      148.03
483      148.231
465      148.734
274      149.398
102      149.958
0      150.694
128      151.278
351      151.87
493      152.35
466      152.591
351      152.822
285      153.023
264      153.614
49      154.374
224      155.006
350      155.471
500      156.262
304      156.766
57      157.31
0      158.054
116      158.566
389      159.406
500      160.182
272      160.383
234      160.59
197      160.791
176      161.006
149      161.207
114      161.415
92      161.622
69      161.839
47      162.046
13      162.255
27      162.716
100      162.919
152      163.136
244      163.343
317      163.543
358      163.751
384      163.959
414      164.162
434      164.375
485      164.581
351      164.783
179      164.983
89      165.184
17      165.39
0      165.591
0      165.798
0      166.225
35      166.431
